	//===================[ Церковь ] =========================
	CreateObject(9931, 1947.54, -368.51, 1108.01,   0.00, 0.00, 90.00);
	CreateObject(3976, 1970.66, -341.24, 1100.23,   0.00, 0.00, 0.00);
	CreateObject(9931, 1980.56, -368.52, 1108.01,   0.00, 0.00, 90.00);
	CreateObject(3976, 1962.70, -400.47, 1109.53,   0.00, 0.00, 90.00);
	CreateObject(11472, 1964.79, -372.02, 1089.22,   0.00, 0.00, 0.00);
	CreateObject(11472, 1963.29, -372.02, 1089.22,   0.00, 0.00, 0.00);
	CreateObject(11472, 1964.04, -372.98, 1089.46,   0.00, 0.00, 0.00);
	CreateObject(11472, 1962.67, -373.83, 1087.67,   90.00, 180.00, 270.00);
	CreateObject(11472, 1965.41, -373.82, 1087.67,   90.00, 180.00, 90.00);
	CreateObject(970, 1970.61, -368.20, 1093.28,   0.00, 0.00, 0.00);
	CreateObject(970, 1968.51, -368.21, 1093.28,   0.00, 0.00, 0.00);
	CreateObject(970, 1957.52, -368.26, 1093.28,   0.00, 0.00, 0.00);
	CreateObject(970, 1959.62, -368.26, 1093.28,   0.00, 0.00, 0.00);
	CreateObject(6959, 1963.98, -368.12, 1072.75,   90.00, 0.00, 0.25);
	CreateObject(2960, 1964.06, -348.99, 1101.37,   0.00, 90.00, 89.99);
	CreateObject(2960, 1963.98, -349.00, 1101.71,   90.00, 0.00, 179.99);
	CreateObject(2960, 1964.06, -348.99, 1100.01,   0.00, 90.00, 90.00);
	CreateObject(1667, 1962.99, -370.41, 1093.62,   0.00, 0.00, 0.00);
	CreateObject(1664, 1962.84, -370.43, 1093.70,   0.00, 0.00, 0.00);
	CreateObject(2868, 1965.96, -370.30, 1093.53,   0.00, 0.00, 0.00);
	CreateObject(2869, 1964.02, -373.79, 1093.67,   0.00, 0.00, 323.75);
	CreateObject(2870, 1965.26, -373.64, 1093.67,   0.00, 0.00, 350.03);
	CreateObject(2270, 1965.48, -352.48, 1093.48,   0.00, 0.00, 270.00);
	CreateObject(2257, 1964.06, -373.95, 1095.86,   0.00, 0.00, 180.00);
	CreateObject(2271, 1962.60, -352.58, 1093.49,   0.00, 0.00, 90.00);
	CreateObject(2357, 1964.05, -370.69, 1093.12,   0.00, 0.00, 0.00);
	CreateObject(2808, 1957.51, -364.26, 1092.59,   0.00, 0.00, 179.99);
	CreateObject(2808, 1959.68, -364.26, 1092.59,   0.00, 0.00, 179.99);
	CreateObject(2808, 1970.61, -364.26, 1092.59,   0.00, 0.00, 179.99);
	CreateObject(2808, 1968.44, -364.26, 1092.59,   0.00, 0.00, 179.99);
	CreateObject(2808, 1961.86, -364.26, 1092.59,   0.00, 0.00, 179.99);
	CreateObject(2808, 1966.27, -364.26, 1092.59,   0.00, 0.00, 179.99);
	CreateObject(2868, 1962.15, -370.31, 1093.53,   0.00, 0.00, 0.00);
	CreateObject(948, 1966.09, -374.17, 1092.73,   0.00, 0.00, 0.00);
	CreateObject(948, 1961.96, -374.23, 1092.73,   0.00, 0.00, 0.00);
	CreateObject(2894, 1963.95, -370.94, 1093.53,   0.00, 0.00, 0.00);
	CreateObject(3462, 1959.30, -374.07, 1094.24,   0.00, 0.00, 270.00);
	CreateObject(3462, 1968.78, -374.07, 1094.24,   0.00, 0.00, 270.00);
	CreateObject(949, 1956.02, -353.46, 1095.83,   0.00, 0.00, 0.00);
	CreateObject(2946, 1965.60, -349.21, 1091.95,   0.00, 0.00, 90.00);
	CreateObject(2946, 1962.47, -349.20, 1091.95,   0.00, 0.00, 270.00);
	CreateObject(2808, 1970.61, -360.67, 1092.59,   0.00, 0.00, 179.99);
	CreateObject(2808, 1968.43, -360.67, 1092.59,   0.00, 0.00, 179.99);
	CreateObject(2808, 1966.25, -360.67, 1092.59,   0.00, 0.00, 179.99);
	CreateObject(2808, 1957.52, -360.67, 1092.59,   0.00, 0.00, 179.99);
	CreateObject(2808, 1959.70, -360.67, 1092.59,   0.00, 0.00, 179.99);
	CreateObject(2808, 1961.87, -360.67, 1092.59,   0.00, 0.00, 179.99);
	CreateObject(2808, 1957.52, -357.18, 1092.59,   0.00, 0.00, 179.99);
	CreateObject(2808, 1959.69, -357.18, 1092.59,   0.00, 0.00, 179.99);
	CreateObject(2808, 1961.87, -357.18, 1092.59,   0.00, 0.00, 179.99);
	CreateObject(2808, 1970.61, -357.18, 1092.59,   0.00, 0.00, 179.99);
	CreateObject(2808, 1968.44, -357.18, 1092.59,   0.00, 0.00, 179.99);
	CreateObject(2808, 1966.27, -357.18, 1092.59,   0.00, 0.00, 179.99);
	CreateObject(14705, 1962.68, -373.67, 1093.92,   0.00, 0.00, 0.00);
	CreateObject(14410, 1968.61, -349.16, 1092.02,   0.00, 0.00, 270.00);
	CreateObject(11472, 1971.98, -351.97, 1092.20,   0.00, 0.00, 90.00);
	CreateObject(11472, 1971.98, -353.20, 1092.20,   0.00, 0.00, 90.00);
	CreateObject(14410, 1959.47, -349.41, 1092.02,   0.00, 0.00, 90.00);
	CreateObject(11472, 1956.10, -351.96, 1092.20,   0.00, 0.00, 270.00);
	CreateObject(11472, 1956.10, -353.20, 1092.20,   0.00, 0.00, 270.00);
	CreateObject(11472, 1965.11, -347.95, 1095.44,   0.00, 90.00, 180.00);
	CreateObject(11472, 1962.98, -347.94, 1095.44,   0.00, 270.00, 179.99);
	CreateObject(1698, 1962.47, -352.53, 1095.31,   0.00, 0.00, 270.27);
	CreateObject(1698, 1962.87, -352.53, 1095.54,   0.00, 0.00, 270.27);
	CreateObject(1698, 1963.25, -352.53, 1095.76,   0.00, 0.00, 270.27);
	CreateObject(1698, 1965.60, -352.53, 1095.31,   0.00, 0.00, 90.00);
	CreateObject(1698, 1965.20, -352.53, 1095.54,   0.00, 0.00, 90.00);
	CreateObject(1698, 1964.72, -352.53, 1095.76,   0.00, 0.00, 270.27);
	CreateObject(970, 1964.06, -353.88, 1096.74,   0.00, 0.00, 0.00);
	CreateObject(970, 1959.94, -353.88, 1095.75,   0.00, 0.00, 0.00);
	CreateObject(970, 1955.77, -353.89, 1095.75,   0.00, 0.00, 0.00);
	CreateObject(970, 1968.17, -353.88, 1095.75,   0.00, 0.00, 0.00);
	CreateObject(970, 1972.25, -353.89, 1095.75,   0.00, 0.00, 0.00);
	CreateObject(970, 1959.98, -351.29, 1095.75,   0.00, 0.00, 0.00);
	CreateObject(970, 1968.10, -351.29, 1095.75,   0.00, 0.00, 0.00);
	CreateObject(970, 1965.96, -349.22, 1096.74,   0.00, 0.00, 90.00);
	CreateObject(970, 1962.14, -349.22, 1096.74,   0.00, 0.00, 90.00);
	CreateObject(2887, 1964.05, -349.35, 1094.79,   90.00, 0.00, 0.00);
	CreateObject(949, 1971.95, -353.46, 1095.83,   0.00, 0.00, 0.00);
	CreateObject(948, 1965.69, -352.46, 1091.95,   0.00, 0.00, 0.00);
	CreateObject(948, 1962.38, -352.46, 1091.95,   0.00, 0.00, 0.00);
	CreateObject(1742, 1955.84, -353.84, 1091.95,   0.00, 0.00, 0.00);
	CreateObject(1742, 1957.28, -353.84, 1091.95,   0.00, 0.00, 0.00);
	CreateObject(1742, 1958.71, -353.84, 1091.95,   0.00, 0.00, 0.00);
	CreateObject(1742, 1960.15, -353.84, 1091.95,   0.00, 0.00, 0.00);
	CreateObject(1742, 1971.78, -353.84, 1091.95,   0.00, 0.00, 0.00);
	CreateObject(1742, 1970.34, -353.84, 1091.95,   0.00, 0.00, 0.00);
	CreateObject(1742, 1968.91, -353.84, 1091.95,   0.00, 0.00, 0.00);
	CreateObject(1742, 1967.48, -353.84, 1091.95,   0.00, 0.00, 0.00);
	CreateObject(949, 1961.61, -354.34, 1092.58,   0.00, 0.00, 0.00);
	CreateObject(949, 1966.46, -354.35, 1092.58,   0.00, 0.00, 0.00);
	CreateObject(1720, 1970.09, -373.59, 1092.73,   0.00, 0.00, 180.00);
	CreateObject(1720, 1970.91, -373.58, 1092.73,   0.00, 0.00, 179.99);
	CreateObject(14455, 1955.33, -348.54, 1096.88,   0.00, 0.00, 270.00);
	CreateObject(14455, 1972.78, -352.90, 1096.87,   0.00, 0.00, 90.00);
	CreateObject(2842, 1964.52, -365.61, 1091.95,   0.00, 0.00, 90.00);
	CreateObject(2842, 1964.52, -363.78, 1091.95,   0.00, 0.00, 90.00);
	CreateObject(2842, 1964.52, -361.95, 1091.95,   0.00, 0.00, 90.00);
	CreateObject(2842, 1964.52, -360.13, 1091.95,   0.00, 0.00, 90.00);
	CreateObject(2842, 1964.53, -358.31, 1091.95,   0.00, 0.00, 90.00);
	CreateObject(2842, 1964.53, -356.48, 1091.95,   0.00, 0.00, 90.00);
	CreateObject(2842, 1964.52, -354.65, 1091.95,   0.00, 0.00, 90.00);
	CreateObject(2842, 1964.52, -352.83, 1091.95,   0.00, 0.00, 90.00);
	CreateObject(2842, 1964.52, -350.99, 1091.95,   0.00, 0.00, 90.00);
	CreateObject(2842, 1964.52, -349.16, 1091.95,   0.00, 0.00, 90.00);
	CreateObject(2833, 1963.56, -369.65, 1092.73,   0.00, 0.00, 0.00);
	CreateObject(2834, 1968.82, -372.52, 1092.73,   0.00, 0.00, 0.00);
	CreateObject(6959, 1951.27, -360.23, 1095.56,   310.00, 180.00, 90.00);
	CreateObject(6959, 1976.88, -356.75, 1095.52,   310.00, 180.00, 270.00);
	CreateObject(6959, 1958.96, -378.23, 1096.34,   310.00, 179.99, 180.00);